1010,8
1010,7
1010,6
1010,5
1010,4
1010,3
1010,2
1010,1
1010,0
1007,8
1007,7
1007,6
1007,5
1007,4
1007,3
1007,2
1007,1
1007,0
999,4
999,3
999,2
999,1
999,0
995,3
995,2
995,1
995,0
994,4
994,3
994,2
994,1
994,0
992,3
992,2
992,1
992,0
42,3
42,1
40,3
40,1
39,3
39,1
38,3
38,1
37,3
37,1
36,3
36,1
35,3
35,1
33,4
33,3
33,1
30,3
30,1
29,3
29,1
28,3
28,1
20,3
20,2
20,1
19,3
19,2
19,1
18,3
18,1
14,10
14,4
12,3
12,2
12,1
11,3
11,2
11,1
10,3
10,2
10,1
9,3
9,2
9,1
8,3
8,2
8,1
3,3
3,2
3,1
2,3
2,2
2,1
0,317
0,0
0,273
0,270
0,474
13,1
13,3
14,1
14,11
14,3
0,9
1014,34
1014,33
1014,32
1014,31
1014,30
1014,29
